              precision    recall  f1-score   support

           0       0.00      0.00      0.00        19
           1       0.00      0.00      0.00       136
           2       0.00      0.00      0.00       134
           3       0.00      0.00      0.00       110
           4       0.00      0.00      0.00        37
           5       0.40      1.00      0.57       348
           6       0.00      0.00      0.00        82

    accuracy                           0.40       866
   macro avg       0.06      0.14      0.08       866
weighted avg       0.16      0.40      0.23       866

Confusion Matrix:
 [[  0   0   0   0   0  19   0]
 [  0   0   0   0   0 136   0]
 [  0   0   0   0   0 134   0]
 [  0   0   0   0   0 110   0]
 [  0   0   0   0   0  37   0]
 [  0   0   0   0   0 348   0]
 [  0   0   0   0   0  82   0]]