              precision    recall  f1-score   support

           0       0.00      0.00      0.00        30
           1       0.00      0.00      0.00       492
           2       0.00      0.00      0.00        84
           3       0.00      0.00      0.00       195
           4       0.00      0.00      0.00       129
           5       0.44      1.00      0.61       971
           6       0.00      0.00      0.00       138
           7       0.00      0.00      0.00       161

    accuracy                           0.44      2200
   macro avg       0.06      0.12      0.08      2200
weighted avg       0.19      0.44      0.27      2200

Confusion Matrix:
 [[  0   0   0   0   0  30   0   0]
 [  0   0   0   0   0 492   0   0]
 [  0   0   0   0   0  84   0   0]
 [  0   0   0   0   0 195   0   0]
 [  0   0   0   0   0 129   0   0]
 [  0   0   0   0   0 971   0   0]
 [  0   0   0   0   0 138   0   0]
 [  0   0   0   0   0 161   0   0]]